Upper Triangular Matrix (After Gaussian Elimination):
 -380.048770   71.664431  -18.485281    9.171573   -6.000000    4.619840   -4.000000   71.664431    0.000000    0.000000    0.000000    0.000000    0.000000    0.000000  -18.485281    0.000000    0.000000    0.000000    0.000000    0.000000    0.000000    9.171573    0.000000    0.000000    0.000000    0.000000    0.000000    0.000000   -6.000000    0.000000    0.000000    0.000000    0.000000    0.000000    0.000000    4.619840    0.000000    0.000000    0.000000    0.000000    0.000000    0.000000   -4.000000    0.000000    0.000000    0.000000    0.000000    0.000000    0.000000
    0.000000 -229.228850   21.608587   -5.130311    2.412755   -1.561926    1.239640    6.795540   71.664431    0.000000    0.000000    0.000000    0.000000    0.000000   -1.752857  -18.485281    0.000000    0.000000    0.000000    0.000000    0.000000    0.869689    9.171573    0.000000    0.000000    0.000000    0.000000    0.000000   -0.568947   -6.000000    0.000000    0.000000    0.000000    0.000000    0.000000    0.438074    4.619840    0.000000    0.000000    0.000000    0.000000    0.000000   -0.379298   -4.000000    0.000000    0.000000    0.000000    0.000000    0.000000
    0.000000    0.000000 -214.153813   14.314597   -3.731721    1.910122   -1.362399   -0.642581    5.154976   71.664431    0.000000    0.000000    0.000000    0.000000    0.165749   -1.329686  -18.485281    0.000000    0.000000    0.000000    0.000000   -0.082237    0.659731    9.171573    0.000000    0.000000    0.000000    0.000000    0.053799   -0.431593   -6.000000    0.000000    0.000000    0.000000    0.000000   -0.041424    0.332315    4.619840    0.000000    0.000000    0.000000    0.000000    0.035866   -0.287729   -4.000000    0.000000    0.000000    0.000000    0.000000
    0.000000    0.000000    0.000000 -211.005388   13.352264   -3.829470    2.215219    0.296726   -0.794476    4.419748   71.664431    0.000000    0.000000    0.000000   -0.076538    0.204929   -1.140039  -18.485281    0.000000    0.000000    0.000000    0.037975   -0.101677    0.565637    9.171573    0.000000    0.000000    0.000000   -0.024843    0.066516   -0.370037   -6.000000    0.000000    0.000000    0.000000    0.019128   -0.051216    0.284919    4.619840    0.000000    0.000000    0.000000   -0.016562    0.044344   -0.246691   -4.000000    0.000000    0.000000    0.000000
    0.000000    0.000000    0.000000   -0.000000 -214.974023   17.292914   -5.798147   -0.200313    0.420796   -0.953089    4.924792   71.664431    0.000000    0.000000    0.051669   -0.108541    0.245842   -1.270312  -18.485281    0.000000    0.000000   -0.025636    0.053853   -0.121976    0.630272    9.171573    0.000000    0.000000    0.016771   -0.035231    0.079796   -0.412321   -6.000000    0.000000    0.000000   -0.012913    0.027127   -0.061441    0.317476    4.619840    0.000000    0.000000    0.011181   -0.023487    0.053197   -0.274881   -4.000000    0.000000    0.000000
    0.000000    0.000000    0.000000    0.000000    0.000000 -234.021842   35.316168    0.217390   -0.397343    0.696203   -1.424599    7.636366   71.664431    0.000000   -0.056074    0.102492   -0.179580    0.367464   -1.969741  -18.485281    0.000000    0.027821   -0.050852    0.089100   -0.182319    0.977298    9.171573    0.000000   -0.018201    0.033267   -0.058289    0.119273   -0.639344   -6.000000    0.000000    0.014014   -0.025615    0.044881   -0.091837    0.492278    4.619840    0.000000   -0.012134    0.022178   -0.038859    0.079515   -0.426229   -4.000000    0.000000
    0.000000   -0.000000    0.000000    0.000000    0.000000    0.000000 -368.824873   -0.529699    0.891551   -1.353362    2.096996   -3.631373   21.423001   71.664431    0.136632   -0.229969    0.349089   -0.540904    0.936684   -5.525896  -18.485281   -0.067791    0.114100   -0.173202    0.268372   -0.464741    2.741703    9.171573    0.044348   -0.074644    0.113308   -0.175568    0.304031   -1.793609   -6.000000   -0.034147    0.057474   -0.087244    0.135183   -0.234096    1.381032    4.619840    0.029565   -0.049763    0.075539   -0.117045    0.202688   -1.195740   -4.000000
    0.000000    0.000000    0.000000    0.000000    0.000000    0.000000    0.000000 -229.022051   73.757675  -18.840103    9.376471   -6.132237    4.706954   -4.051757   21.555245   -0.539936    0.091524   -0.052852    0.034110   -0.022470    0.013350   -5.103845    0.267892   -0.045410    0.026223   -0.016924    0.011149   -0.006624    2.395441   -0.175254    0.029707   -0.017155    0.011071   -0.007293    0.004333   -1.548595    0.134941   -0.022874    0.013209   -0.008525    0.005616   -0.003337    1.228097   -0.116836    0.019805   -0.011437    0.007381   -0.004862    0.002889
    0.000000    0.000000    0.000000    0.000000    0.000000    0.000000    0.000000    0.000000  -68.701720   21.432325   -4.669754    2.075720   -1.285658    0.988342    3.218724   20.345890   -0.274692    0.040051   -0.016982    0.008753   -0.004458   -0.691430   -4.503817    0.136290   -0.019872    0.008426   -0.004343    0.002212    0.299516    2.002905   -0.089160    0.013000   -0.005512    0.002841   -0.001447   -0.182704   -1.246353    0.068651   -0.010010    0.004244   -0.002187    0.001114    0.139933    0.966407   -0.059440    0.008667   -0.003675    0.001894   -0.000965
    0.000000    0.000000    0.000000    0.000000    0.000000    0.000000    0.000000    0.000000    0.000000  -54.209036   14.261132   -3.486891    1.725303   -1.199321    0.225866    4.683186   20.168385   -0.196583    0.033492   -0.013890    0.006342   -0.043438   -0.979912   -4.415747    0.097536   -0.016617    0.006892   -0.003147    0.016836    0.414308    1.945290   -0.063807    0.010871   -0.004509    0.002058   -0.009332   -0.247908   -1.201991    0.049130   -0.008370    0.003471   -0.001585    0.006696    0.187555    0.927997   -0.042538    0.007247   -0.003006    0.001372
    0.000000    0.000000    0.000000    0.000000    0.000000    0.000000   -0.000000    0.000000    0.000000    0.000000  -51.916929   13.387630   -3.599154    2.009246    0.110108    0.169277    4.716983   20.139527   -0.182194    0.029456   -0.010424   -0.023896   -0.031349   -0.983656   -4.401429    0.090396   -0.014615    0.005172    0.010446    0.011626    0.414559    1.935924   -0.059137    0.009561   -0.003383   -0.006417   -0.006166   -0.247412   -1.194779    0.045534   -0.007362    0.002605    0.004937    0.004278    0.186863    0.921752   -0.039425    0.006374   -0.002256
    0.000000    0.000000    0.000000    0.000000    0.000000    0.000000    0.000000    0.000000    0.000000    0.000000    0.000000  -55.796906   17.294986   -5.412566   -0.043524    0.224028    0.048358    5.444958   20.183027   -0.211471    0.023263    0.009961   -0.047988   -0.005495   -1.136237   -4.423011    0.104923   -0.011542   -0.004553    0.020734    0.000474    0.479173    1.950043   -0.068640    0.007551    0.002890   -0.012622    0.000614   -0.286126   -1.205650    0.052851   -0.005814   -0.002268    0.009655   -0.000905    0.216177    0.931165   -0.045760    0.005034
    0.000000    0.000000    0.000000    0.000000    0.000000    0.000000    0.000000    0.000000    0.000000    0.000000    0.000000    0.000000  -73.052496   34.564785    0.058065   -0.154397    0.431293    0.184911    7.997122   20.342706   -0.261485   -0.013504    0.034437   -0.093049   -0.029070   -1.678145   -4.502237    0.129737    0.006252   -0.015413    0.040463    0.008441    0.711451    2.001872   -0.084874   -0.004004    0.009636   -0.024756   -0.003183   -0.426645   -1.245557    0.065350    0.003158   -0.007493    0.018997    0.001492    0.323238    0.965718   -0.056582
    0.000000    0.000000    0.000000    0.000000    0.000000    0.000000    0.000000    0.000000    0.000000    0.000000    0.000000    0.000000    0.000000 -194.804270   -0.145268    0.401530   -0.654645    1.545219    1.582004   18.425757   21.302966    0.034209   -0.089611    0.145200   -0.333803   -0.294213   -3.948363   -4.978675   -0.015989    0.040127   -0.064680    0.145326    0.109666    1.706563    2.313555    0.010308   -0.025097    0.040299   -0.088993   -0.058475   -1.039196   -1.485545   -0.008161    0.019520   -0.031271    0.068325    0.040736    0.795053    1.173507
    0.000000    0.000000    0.000000    0.000000    0.000000    0.000000    0.000000    0.000000    0.000000    0.000000    0.000000    0.000000    0.000000    0.000000 -213.916486   73.203162  -18.386128    9.302590   -6.058289    4.655999   -4.014398   14.262253   -0.354359   -0.013487   -0.030733    0.014450   -0.009072    0.003959   -3.708515    0.162786    0.002797    0.014322   -0.007011    0.004438   -0.002052    1.895715   -0.103694   -0.000264   -0.009214    0.004633   -0.002948    0.001412   -1.351244    0.081534   -0.000491    0.007287   -0.003720    0.002374   -0.001158
    0.000000    0.000000    0.000000    0.000000    0.000000    0.000000    0.000000    0.000000   -0.000000    0.000000    0.000000    0.000000    0.000000    0.000000    0.000000  -53.836356   21.954780   -4.316313    2.008604   -1.218504    0.936153    2.274777   13.412198   -0.383007   -0.018671   -0.013428    0.003428   -0.001494   -0.555640   -3.320458    0.166567    0.006573    0.006055   -0.001674    0.000751    0.273652    1.649612   -0.101915   -0.003292   -0.003806    0.001110   -0.000507   -0.191198   -1.158238    0.078205    0.002177    0.002970   -0.000893    0.000412
    0.000000    0.000000    0.000000    0.000000    0.000000    0.000000    0.000000    0.000000    0.000000    0.000000    0.000000    0.000000    0.000000    0.000000    0.000000    0.000000  -37.860158   14.733902   -3.170949    1.638346   -1.119107    0.308966    3.937749   13.106898   -0.331466   -0.007783   -0.011261    0.002121   -0.068161   -0.921750   -3.188431    0.142892    0.002281    0.005058   -0.001061    0.031692    0.443703    1.569183   -0.086835   -0.000876   -0.003171    0.000714   -0.021515   -0.306591   -1.096689    0.066349    0.000422    0.002470   -0.000579
    0.000000    0.000000    0.000000    0.000000    0.000000    0.000000    0.000000    0.000000    0.000000    0.000000    0.000000    0.000000    0.000000    0.000000    0.000000    0.000000   -0.000000  -35.397153   13.738964   -3.233259    1.874278    0.129482    0.619291    4.422193   13.050740   -0.302899   -0.013511   -0.006481   -0.029875   -0.132890   -1.023031   -3.164278    0.130624    0.004773    0.002981    0.014296    0.060896    0.489390    1.554532   -0.079402   -0.002401   -0.001900   -0.009859   -0.041076   -0.337165   -1.085507    0.060681    0.001593    0.001495
    0.000000    0.000000    0.000000    0.000000    0.000000    0.000000    0.000000    0.000000    0.000000    0.000000    0.000000    0.000000    0.000000    0.000000    0.000000    0.000000    0.000000    0.000000  -39.119331   17.403037   -4.995096   -0.001493    0.326482    0.749602    5.201026   13.099545   -0.297377   -0.014120    0.001399   -0.074618   -0.158492   -1.204199   -3.185679    0.129194    0.005172   -0.000955    0.035501    0.071991    0.576326    1.567710   -0.078985   -0.002708    0.000757   -0.024407   -0.048348   -0.397154   -1.095659    0.060580    0.001859
    0.000000    0.000000    0.000000    0.000000    0.000000    0.000000    0.000000    0.000000    0.000000    0.000000    0.000000    0.000000    0.000000    0.000000    0.000000    0.000000    0.000000    0.000000   -0.000000   65.523303 -211.359728   -0.133931    0.360369   -0.915844    0.652961   -5.099088   -0.241358   14.265946    0.034961   -0.092818    0.225297   -0.180475    1.251282    0.113431   -3.709688   -0.017883    0.047006   -0.111480    0.094300   -0.617819   -0.073397    1.896229    0.012744   -0.033295    0.078100   -0.067706    0.432212    0.058237   -1.351540
    0.000000    0.000000    0.000000    0.000000    0.000000    0.000000   -0.000000    0.000000    0.000000    0.000000    0.000000    0.000000    0.000000    0.000000    0.000000    0.000000    0.000000    0.000000   -0.000000    0.000000 -145.893632   -0.068842    0.291504   -0.145049    1.791961    3.017823   13.094852   11.921706    0.018400   -0.071753    0.045609   -0.415256   -0.658712   -3.176662   -3.063590   -0.009519    0.035547   -0.025040    0.199112    0.304393    1.558902    1.555621    0.006819   -0.024927    0.018346   -0.137423   -0.206015   -1.087322   -1.104980
    0.000000    0.000000    0.000000    0.000000    0.000000    0.000000    0.000000    0.000000    0.000000    0.000000    0.000000    0.000000    0.000000    0.000000    0.000000    0.000000    0.000000    0.000000    0.000000    0.000000    0.000000 -210.817008   72.826981  -18.269278    9.318025   -6.020180    4.646688   -4.007494   13.304641   -0.300704   -0.045536   -0.035784    0.006647   -0.007224    0.002281   -3.805501    0.153800    0.020272    0.017800   -0.003809    0.003800   -0.001284    2.198270   -0.109799   -0.013351   -0.012549    0.002870   -0.002757    0.000965
    0.000000    0.000000    0.000000    0.000000    0.000000    0.000000    0.000000    0.000000    0.000000    0.000000    0.000000    0.000000    0.000000    0.000000    0.000000    0.000000    0.000000    0.000000    0.000000    0.000000    0.000000    0.000000  -51.433992   21.914968   -4.072807    2.057389   -1.186262    0.929484    2.158466   12.559937   -0.426421   -0.071964   -0.027213   -0.001802   -0.001449   -0.582860   -3.426682    0.209338    0.032957    0.013044    0.000644    0.000750    0.326030    1.928602   -0.146211   -0.022182   -0.009015   -0.000363   -0.000541
    0.000000    0.000000    0.000000    0.000000    0.000000    0.000000    0.000000    0.000000    0.000000    0.000000    0.000000    0.000000    0.000000    0.000000    0.000000    0.000000    0.000000    0.000000    0.000000    0.000000    0.000000    0.000000    0.000000  -35.128636   14.919188   -2.908996    1.671506   -1.096210    0.314885    3.816596   12.181357   -0.425034   -0.060863   -0.022776   -0.000248   -0.074744   -0.972739   -3.242300    0.206257    0.027688    0.010910   -0.000006    0.038678    0.526539    1.800332   -0.143223   -0.018578   -0.007537    0.000052
    0.000000    0.000000    0.000000    0.000000    0.000000    0.000000    0.000000    0.000000    0.000000    0.000000    0.000000    0.000000   -0.000000    0.000000   -0.000000    0.000000    0.000000    0.000000    0.000000    0.000000    0.000000    0.000000    0.000000    0.000000  -32.385271   13.890236   -3.008862    1.857900    0.139440    0.721347    4.420238   12.084360   -0.393056   -0.054999   -0.010134   -0.033800   -0.160810   -1.100079   -3.195742    0.190633    0.025217    0.004916    0.017769    0.079811    0.587190    1.768174   -0.132340   -0.016986   -0.003421
    0.000000    0.000000    0.000000    0.000000    0.000000    0.000000    0.000000    0.000000    0.000000    0.000000    0.000000    0.000000    0.000000    0.000000    0.000000    0.000000    0.000000    0.000000    0.000000    0.000000    0.000000    0.000000    0.000000    0.000000    0.000000  -36.026050   17.339595   -4.880824    0.013613    0.406844    0.983784    5.259089   12.141365   -0.346019   -0.027620   -0.001415   -0.095733   -0.213671   -1.308659   -3.223633    0.169297    0.012830    0.000117    0.049387    0.104074    0.698492    1.787631   -0.118052   -0.008683
    0.000000    0.000000    0.000000    0.000000    0.000000    0.000000    0.000000    0.000000    0.000000    0.000000    0.000000    0.000000    0.000000    0.000000    0.000000    0.000000    0.000000   -0.000000    0.000000    0.000000    0.000000    0.000000    0.000000    0.000000    0.000000    0.000000   64.756989 -208.159553   -0.127237    0.321812   -0.940367    0.510739   -5.059634   -0.169287   13.313550    0.036403   -0.094042    0.251275   -0.170820    1.369376    0.089140   -3.809570   -0.021031    0.054797   -0.139867    0.105556   -0.767024   -0.064582    2.200993
    0.000000    0.000000    0.000000    0.000000    0.000000    0.000000    0.000000    0.000000    0.000000    0.000000    0.000000    0.000000    0.000000    0.000000    0.000000    0.000000    0.000000    0.000000    0.000000    0.000000    0.000000    0.000000    0.000000    0.000000    0.000000    0.000000    0.000000 -135.572940   -0.052149    0.321587    0.045640    1.976268    3.235344   12.261560   10.621572    0.016160   -0.083146    0.012124   -0.481066   -0.754652   -3.276509   -3.001951   -0.009688    0.045474   -0.014048    0.253554    0.386070    1.822283    1.723016
    0.000000    0.000000    0.000000    0.000000    0.000000    0.000000    0.000000    0.000000    0.000000    0.000000    0.000000    0.000000    0.000000   -0.000000    0.000000    0.000000    0.000000    0.000000    0.000000    0.000000    0.000000    0.000000    0.000000    0.000000    0.000000    0.000000    0.000000    0.000000 -214.761737   72.957990  -18.207092    9.355384   -6.008398    4.652665   -4.006921   17.233260   -0.369128   -0.064987   -0.047367    0.005254   -0.009233    0.002341   -5.763989    0.213433    0.033103    0.025928   -0.003894    0.005323   -0.001478
    0.000000    0.000000    0.000000    0.000000    0.000000    0.000000    0.000000    0.000000    0.000000    0.000000    0.000000    0.000000    0.000000    0.000000    0.000000    0.000000    0.000000   -0.000000    0.000000    0.000000    0.000000    0.000000    0.000000    0.000000    0.000000    0.000000    0.000000    0.000000    0.000000  -55.236823   22.284183   -3.965110    2.137166   -1.180638    0.943674    2.756486   16.314108   -0.550639   -0.106565   -0.042602   -0.005647   -0.002127   -0.876112   -5.235509    0.304989    0.053639    0.022031    0.002423    0.001170
    0.000000    0.000000    0.000000    0.000000    0.000000    0.000000    0.000000    0.000000    0.000000    0.000000    0.000000    0.000000   -0.000000    0.000000    0.000000    0.000000    0.000000    0.000000    0.000000    0.000000    0.000000    0.000000    0.000000    0.000000    0.000000    0.000000    0.000000    0.000000    0.000000    0.000000  -38.772034   15.407956   -2.790956    1.743981   -1.105206    0.355402    4.672585   15.824661   -0.565378   -0.096779   -0.035738   -0.001467   -0.098650   -1.404962   -4.967931    0.307162    0.047831    0.018479    0.000521
    0.000000    0.000000    0.000000    0.000000    0.000000    0.000000    0.000000    0.000000    0.000000    0.000000    0.000000    0.000000    0.000000    0.000000    0.000000    0.000000    0.000000    0.000000    0.000000    0.000000    0.000000    0.000000    0.000000    0.000000    0.000000    0.000000    0.000000    0.000000    0.000000    0.000000    0.000000  -35.877976   14.363317   -2.941233    1.899887    0.165166    0.787777    5.331642   15.690826   -0.524867   -0.082028   -0.014211   -0.047439   -0.204785   -1.566522   -4.896995    0.284704    0.041223    0.007520
    0.000000    0.000000    0.000000    0.000000    0.000000    0.000000    0.000000    0.000000    0.000000    0.000000    0.000000    0.000000    0.000000    0.000000    0.000000    0.000000    0.000000    0.000000    0.000000    0.000000    0.000000    0.000000    0.000000    0.000000    0.000000    0.000000    0.000000    0.000000    0.000000    0.000000    0.000000    0.000000  -39.651626   17.713393   -4.906018    0.010529    0.483680    1.076448    6.325466   15.771719   -0.448762   -0.037788   -0.000286   -0.134945   -0.272570   -1.858329   -4.940925    0.247145    0.019808
    0.000000    0.000000    0.000000    0.000000    0.000000    0.000000    0.000000    0.000000    0.000000    0.000000    0.000000    0.000000    0.000000    0.000000    0.000000    0.000000    0.000000    0.000000    0.000000    0.000000    0.000000    0.000000    0.000000    0.000000    0.000000    0.000000    0.000000    0.000000    0.000000    0.000000    0.000000    0.000000    0.000000   65.417864 -212.297871   -0.165411    0.425060   -1.126015    0.812452   -6.035259   -0.214693   17.244465    0.055464   -0.144295    0.356133   -0.299164    1.926256    0.127675   -5.769813
    0.000000    0.000000    0.000000    0.000000    0.000000    0.000000    0.000000    0.000000    0.000000    0.000000    0.000000    0.000000    0.000000    0.000000    0.000000    0.000000    0.000000    0.000000    0.000000    0.000000    0.000000    0.000000    0.000000    0.000000    0.000000    0.000000    0.000000    0.000000    0.000000    0.000000    0.000000    0.000000    0.000000    0.000000 -150.667783   -0.077958    0.424997   -0.027992    2.366330    3.573664   15.934630   14.746682    0.027814   -0.130291    0.042098   -0.683567   -0.972352   -5.019639   -4.884393
    0.000000    0.000000    0.000000    0.000000    0.000000   -0.000000    0.000000    0.000000    0.000000    0.000000    0.000000    0.000000    0.000000    0.000000    0.000000    0.000000    0.000000    0.000000    0.000000    0.000000    0.000000    0.000000    0.000000    0.000000    0.000000    0.000000    0.000000    0.000000    0.000000    0.000000    0.000000    0.000000    0.000000    0.000000    0.000000 -233.634967   74.043347  -18.061942    9.480754   -6.028312    4.680740   -4.014099   35.188690   -0.793173   -0.115713   -0.094147    0.014495   -0.020008    0.005315
    0.000000    0.000000    0.000000    0.000000    0.000000    0.000000    0.000000    0.000000    0.000000    0.000000    0.000000    0.000000    0.000000    0.000000    0.000000    0.000000    0.000000    0.000000    0.000000    0.000000    0.000000   -0.000000    0.000000    0.000000    0.000000    0.000000    0.000000    0.000000    0.000000    0.000000    0.000000    0.000000    0.000000    0.000000    0.000000    0.000000  -72.284707   23.972311   -3.836151    2.318540   -1.219758    0.995988    5.206243   33.238592   -1.110124   -0.186637   -0.082015   -0.009322   -0.004520
    0.000000    0.000000    0.000000    0.000000    0.000000    0.000000    0.000000    0.000000    0.000000    0.000000    0.000000    0.000000    0.000000    0.000000    0.000000    0.000000    0.000000    0.000000    0.000000    0.000000    0.000000   -0.000000   -0.000000    0.000000    0.000000    0.000000    0.000000    0.000000    0.000000    0.000000    0.000000   -0.000000    0.000000    0.000000    0.000000    0.000000    0.000000   63.148755   -2.258987   -0.358310   -0.113983   -0.024099   -6.121401   17.358271 -213.178920   15.590714   -3.923679    2.138527   -1.516097
    0.000000    0.000000    0.000000    0.000000    0.000000    0.000000    0.000000    0.000000    0.000000    0.000000    0.000000    0.000000    0.000000   -0.000000    0.000000    0.000000    0.000000    0.000000   -0.000000    0.000000    0.000000   -0.000000    0.000000    0.000000    0.000000   -0.000000    0.000000    0.000000    0.000000   -0.000000    0.000000    0.000000    0.000000    0.000000    0.000000    0.000000    0.000000    0.000000   63.260763   -2.191968   -0.253136   -0.062316    2.114329   -3.438505    6.738784 -208.531827   14.215005   -3.858068    2.307337
    0.000000    0.000000    0.000000    0.000000    0.000000    0.000000    0.000000    0.000000    0.000000    0.000000    0.000000    0.000000    0.000000    0.000000    0.000000    0.000000    0.000000    0.000000    0.000000    0.000000    0.000000    0.000000    0.000000    0.000000    0.000000    0.000000    0.000000    0.000000    0.000000    0.000000    0.000000    0.000000   -0.000000    0.000000    0.000000    0.000000    0.000000    0.000000    0.000000   63.690753   -1.897896   -0.131232   -1.481296    2.039252   -4.844954    7.888836 -212.699509   18.113301   -5.885483
    0.000000    0.000000    0.000000    0.000000    0.000000    0.000000    0.000000    0.000000    0.000000    0.000000    0.000000    0.000000    0.000000    0.000000    0.000000   -0.000000    0.000000    0.000000    0.000000    0.000000    0.000000    0.000000    0.000000    0.000000    0.000000    0.000000    0.000000    0.000000    0.000000    0.000000    0.000000    0.000000    0.000000    0.000000    0.000000    0.000000    0.000000    0.000000    0.000000    0.000000  -83.256224   37.254527    1.185350   -2.541557   11.529048  -20.964566   89.062274   25.397626    2.304439
    0.000000    0.000000    0.000000    0.000000    0.000000    0.000000    0.000000    0.000000    0.000000    0.000000    0.000000    0.000000    0.000000    0.000000    0.000000    0.000000   -0.000000    0.000000    0.000000    0.000000    0.000000    0.000000    0.000000   -0.000000    0.000000    0.000000    0.000000    0.000000    0.000000    0.000000    0.000000    0.000000    0.000000    0.000000    0.000000    0.000000    0.000000    0.000000    0.000000    0.000000    0.000000 -200.699642   -0.461700    1.631131   -7.649089   14.299697   17.451220   27.298355   35.159816
    0.000000    0.000000    0.000000    0.000000    0.000000    0.000000    0.000000    0.000000    0.000000    0.000000    0.000000    0.000000    0.000000    0.000000    0.000000    0.000000    0.000000    0.000000    0.000000    0.000000    0.000000    0.000000    0.000000    0.000000    0.000000    0.000000    0.000000    0.000000    0.000000    0.000000    0.000000    0.000000    0.000000    0.000000    0.000000    0.000000    0.000000    0.000000    0.000000    0.000000    0.000000    0.000000 -367.285890   81.175981  -15.196070   13.951764   -8.815952    5.223100   -4.187540
    0.000000    0.000000    0.000000    0.000000    0.000000    0.000000    0.000000   -0.000000    0.000000    0.000000    0.000000    0.000000    0.000000    0.000000    0.000000    0.000000    0.000000    0.000000    0.000000    0.000000    0.000000    0.000000    0.000000    0.000000    0.000000    0.000000    0.000000    0.000000    0.000000    0.000000    0.000000    0.000000    0.000000    0.000000    0.000000    0.000000    0.000000    0.000000    0.000000    0.000000    0.000000    0.000000    0.000000 -199.806864   86.656314  -19.584094    9.204681   -3.052115    1.933684
    0.000000    0.000000    0.000000    0.000000    0.000000    0.000000    0.000000    0.000000    0.000000    0.000000    0.000000    0.000000    0.000000    0.000000    0.000000    0.000000    0.000000    0.000000    0.000000    0.000000    0.000000    0.000000    0.000000    0.000000    0.000000    0.000000    0.000000    0.000000    0.000000    0.000000    0.000000    0.000000    0.000000    0.000000    0.000000    0.000000    0.000000    0.000000    0.000000    0.000000    0.000000    0.000000    0.000000    0.000000 -144.951306   59.743650  -12.216965    3.497863   -1.837889
    0.000000    0.000000    0.000000    0.000000    0.000000    0.000000    0.000000    0.000000    0.000000    0.000000    0.000000    0.000000    0.000000    0.000000    0.000000    0.000000    0.000000    0.000000    0.000000    0.000000    0.000000    0.000000    0.000000    0.000000    0.000000    0.000000    0.000000    0.000000    0.000000    0.000000    0.000000    0.000000    0.000000    0.000000    0.000000    0.000000    0.000000    0.000000    0.000000    0.000000    0.000000    0.000000    0.000000    0.000000    0.000000 -133.774549   53.754355   -7.642248    3.017855
    0.000000    0.000000    0.000000    0.000000    0.000000    0.000000    0.000000    0.000000    0.000000    0.000000    0.000000    0.000000    0.000000    0.000000    0.000000    0.000000    0.000000    0.000000    0.000000    0.000000    0.000000    0.000000    0.000000    0.000000    0.000000    0.000000    0.000000    0.000000    0.000000    0.000000    0.000000    0.000000   -0.000000    0.000000    0.000000    0.000000    0.000000    0.000000    0.000000    0.000000    0.000000    0.000000    0.000000   -0.000000    0.000000    0.000000 -130.849127   20.020536   -3.979489
    0.000000    0.000000    0.000000    0.000000    0.000000    0.000000    0.000000    0.000000    0.000000    0.000000    0.000000    0.000000    0.000000    0.000000    0.000000    0.000000    0.000000    0.000000    0.000000    0.000000    0.000000    0.000000    0.000000    0.000000    0.000000   -0.000000    0.000000    0.000000    0.000000    0.000000    0.000000    0.000000    0.000000    0.000000    0.000000    0.000000    0.000000    0.000000    0.000000    0.000000    0.000000    0.000000    0.000000   -0.000000    0.000000    0.000000    0.000000 -195.687776   39.914429
    0.000000    0.000000    0.000000    0.000000    0.000000    0.000000    0.000000    0.000000    0.000000    0.000000    0.000000    0.000000    0.000000    0.000000    0.000000    0.000000    0.000000    0.000000   -0.000000    0.000000    0.000000    0.000000    0.000000    0.000000    0.000000    0.000000    0.000000    0.000000    0.000000    0.000000    0.000000    0.000000    0.000000    0.000000   -0.000000    0.000000    0.000000    0.000000    0.000000    0.000000    0.000000    0.000000    0.000000    0.000000   -0.000000    0.000000    0.000000    0.000000 -350.504693
